{"cells":[{"source":"<a href=\"https://www.kaggle.com/code/alaaazazi/wine-dataset-for-clustering?scriptVersionId=258688538\" target=\"_blank\"><img align=\"left\" alt=\"Kaggle\" title=\"Open in Kaggle\" src=\"https://kaggle.com/static/images/open-in-kaggle.svg\"></a>","metadata":{},"cell_type":"markdown"},{"cell_type":"code","execution_count":1,"id":"16a74d6e","metadata":{"execution":{"iopub.execute_input":"2025-08-28T11:55:09.512185Z","iopub.status.busy":"2025-08-28T11:55:09.511838Z","iopub.status.idle":"2025-08-28T11:55:10.15444Z","shell.execute_reply":"2025-08-28T11:55:10.153529Z"},"papermill":{"duration":0.650727,"end_time":"2025-08-28T11:55:10.15599","exception":false,"start_time":"2025-08-28T11:55:09.505263","status":"completed"},"tags":[]},"outputs":[],"source":["import numpy as np\n","import pandas as pd"]},{"cell_type":"code","execution_count":2,"id":"8c5a6198","metadata":{"execution":{"iopub.execute_input":"2025-08-28T11:55:10.167335Z","iopub.status.busy":"2025-08-28T11:55:10.166944Z","iopub.status.idle":"2025-08-28T11:55:10.205506Z","shell.execute_reply":"2025-08-28T11:55:10.204376Z"},"papermill":{"duration":0.045359,"end_time":"2025-08-28T11:55:10.206921","exception":false,"start_time":"2025-08-28T11:55:10.161562","status":"completed"},"tags":[]},"outputs":[{"name":"stdout","output_type":"stream","text":["<class 'pandas.core.frame.DataFrame'>\n","RangeIndex: 178 entries, 0 to 177\n","Data columns (total 13 columns):\n"," #   Column                Non-Null Count  Dtype  \n","---  ------                --------------  -----  \n"," 0   Alcohol               178 non-null    float64\n"," 1   Malic_Acid            178 non-null    float64\n"," 2   Ash                   178 non-null    float64\n"," 3   Ash_Alcanity          178 non-null    float64\n"," 4   Magnesium             178 non-null    int64  \n"," 5   Total_Phenols         178 non-null    float64\n"," 6   Flavanoids            178 non-null    float64\n"," 7   Nonflavanoid_Phenols  178 non-null    float64\n"," 8   Proanthocyanins       178 non-null    float64\n"," 9   Color_Intensity       178 non-null    float64\n"," 10  Hue                   178 non-null    float64\n"," 11  OD280                 178 non-null    float64\n"," 12  Proline               178 non-null    int64  \n","dtypes: float64(11), int64(2)\n","memory usage: 18.2 KB\n"]}],"source":["data = pd.read_csv('/kaggle/input/wine-dataset-for-clustering/wine-clustering.csv')\n","data.info()"]},{"cell_type":"code","execution_count":3,"id":"865ca0be","metadata":{"execution":{"iopub.execute_input":"2025-08-28T11:55:10.218136Z","iopub.status.busy":"2025-08-28T11:55:10.217851Z","iopub.status.idle":"2025-08-28T11:55:10.229442Z","shell.execute_reply":"2025-08-28T11:55:10.228426Z"},"papermill":{"duration":0.018438,"end_time":"2025-08-28T11:55:10.230716","exception":false,"start_time":"2025-08-28T11:55:10.212278","status":"completed"},"tags":[]},"outputs":[{"name":"stdout","output_type":"stream","text":["<bound method DataFrame.count of      Alcohol  Malic_Acid    Ash  Ash_Alcanity  Magnesium  Total_Phenols  \\\n","0      False       False  False         False      False          False   \n","1      False       False  False         False      False          False   \n","2      False       False  False         False      False          False   \n","3      False       False  False         False      False          False   \n","4      False       False  False         False      False          False   \n","..       ...         ...    ...           ...        ...            ...   \n","173    False       False  False         False      False          False   \n","174    False       False  False         False      False          False   \n","175    False       False  False         False      False          False   \n","176    False       False  False         False      False          False   \n","177    False       False  False         False      False          False   \n","\n","     Flavanoids  Nonflavanoid_Phenols  Proanthocyanins  Color_Intensity  \\\n","0         False                 False            False            False   \n","1         False                 False            False            False   \n","2         False                 False            False            False   \n","3         False                 False            False            False   \n","4         False                 False            False            False   \n","..          ...                   ...              ...              ...   \n","173       False                 False            False            False   \n","174       False                 False            False            False   \n","175       False                 False            False            False   \n","176       False                 False            False            False   \n","177       False                 False            False            False   \n","\n","       Hue  OD280  Proline  \n","0    False  False    False  \n","1    False  False    False  \n","2    False  False    False  \n","3    False  False    False  \n","4    False  False    False  \n","..     ...    ...      ...  \n","173  False  False    False  \n","174  False  False    False  \n","175  False  False    False  \n","176  False  False    False  \n","177  False  False    False  \n","\n","[178 rows x 13 columns]>\n"]}],"source":["data.dropna(axis=0, inplace=True)\n","print(data.isna().count)\n"]},{"cell_type":"code","execution_count":4,"id":"c5fb6438","metadata":{"execution":{"iopub.execute_input":"2025-08-28T11:55:10.242171Z","iopub.status.busy":"2025-08-28T11:55:10.241894Z","iopub.status.idle":"2025-08-28T11:55:10.263904Z","shell.execute_reply":"2025-08-28T11:55:10.263052Z"},"papermill":{"duration":0.028953,"end_time":"2025-08-28T11:55:10.265212","exception":false,"start_time":"2025-08-28T11:55:10.236259","status":"completed"},"tags":[]},"outputs":[{"data":{"text/html":["<div>\n","<style scoped>\n","    .dataframe tbody tr th:only-of-type {\n","        vertical-align: middle;\n","    }\n","\n","    .dataframe tbody tr th {\n","        vertical-align: top;\n","    }\n","\n","    .dataframe thead th {\n","        text-align: right;\n","    }\n","</style>\n","<table border=\"1\" class=\"dataframe\">\n","  <thead>\n","    <tr style=\"text-align: right;\">\n","      <th></th>\n","      <th>Alcohol</th>\n","      <th>Malic_Acid</th>\n","      <th>Ash</th>\n","      <th>Ash_Alcanity</th>\n","      <th>Magnesium</th>\n","      <th>Total_Phenols</th>\n","      <th>Flavanoids</th>\n","      <th>Nonflavanoid_Phenols</th>\n","      <th>Proanthocyanins</th>\n","      <th>Color_Intensity</th>\n","      <th>Hue</th>\n","      <th>OD280</th>\n","      <th>Proline</th>\n","    </tr>\n","  </thead>\n","  <tbody>\n","    <tr>\n","      <th>0</th>\n","      <td>14.23</td>\n","      <td>1.71</td>\n","      <td>2.43</td>\n","      <td>15.6</td>\n","      <td>127</td>\n","      <td>2.80</td>\n","      <td>3.06</td>\n","      <td>0.28</td>\n","      <td>2.29</td>\n","      <td>5.64</td>\n","      <td>1.04</td>\n","      <td>3.92</td>\n","      <td>1065</td>\n","    </tr>\n","    <tr>\n","      <th>1</th>\n","      <td>13.20</td>\n","      <td>1.78</td>\n","      <td>2.14</td>\n","      <td>11.2</td>\n","      <td>100</td>\n","      <td>2.65</td>\n","      <td>2.76</td>\n","      <td>0.26</td>\n","      <td>1.28</td>\n","      <td>4.38</td>\n","      <td>1.05</td>\n","      <td>3.40</td>\n","      <td>1050</td>\n","    </tr>\n","    <tr>\n","      <th>2</th>\n","      <td>13.16</td>\n","      <td>2.36</td>\n","      <td>2.67</td>\n","      <td>18.6</td>\n","      <td>101</td>\n","      <td>2.80</td>\n","      <td>3.24</td>\n","      <td>0.30</td>\n","      <td>2.81</td>\n","      <td>5.68</td>\n","      <td>1.03</td>\n","      <td>3.17</td>\n","      <td>1185</td>\n","    </tr>\n","    <tr>\n","      <th>3</th>\n","      <td>14.37</td>\n","      <td>1.95</td>\n","      <td>2.50</td>\n","      <td>16.8</td>\n","      <td>113</td>\n","      <td>3.85</td>\n","      <td>3.49</td>\n","      <td>0.24</td>\n","      <td>2.18</td>\n","      <td>7.80</td>\n","      <td>0.86</td>\n","      <td>3.45</td>\n","      <td>1480</td>\n","    </tr>\n","    <tr>\n","      <th>4</th>\n","      <td>13.24</td>\n","      <td>2.59</td>\n","      <td>2.87</td>\n","      <td>21.0</td>\n","      <td>118</td>\n","      <td>2.80</td>\n","      <td>2.69</td>\n","      <td>0.39</td>\n","      <td>1.82</td>\n","      <td>4.32</td>\n","      <td>1.04</td>\n","      <td>2.93</td>\n","      <td>735</td>\n","    </tr>\n","    <tr>\n","      <th>...</th>\n","      <td>...</td>\n","      <td>...</td>\n","      <td>...</td>\n","      <td>...</td>\n","      <td>...</td>\n","      <td>...</td>\n","      <td>...</td>\n","      <td>...</td>\n","      <td>...</td>\n","      <td>...</td>\n","      <td>...</td>\n","      <td>...</td>\n","      <td>...</td>\n","    </tr>\n","    <tr>\n","      <th>173</th>\n","      <td>13.71</td>\n","      <td>5.65</td>\n","      <td>2.45</td>\n","      <td>20.5</td>\n","      <td>95</td>\n","      <td>1.68</td>\n","      <td>0.61</td>\n","      <td>0.52</td>\n","      <td>1.06</td>\n","      <td>7.70</td>\n","      <td>0.64</td>\n","      <td>1.74</td>\n","      <td>740</td>\n","    </tr>\n","    <tr>\n","      <th>174</th>\n","      <td>13.40</td>\n","      <td>3.91</td>\n","      <td>2.48</td>\n","      <td>23.0</td>\n","      <td>102</td>\n","      <td>1.80</td>\n","      <td>0.75</td>\n","      <td>0.43</td>\n","      <td>1.41</td>\n","      <td>7.30</td>\n","      <td>0.70</td>\n","      <td>1.56</td>\n","      <td>750</td>\n","    </tr>\n","    <tr>\n","      <th>175</th>\n","      <td>13.27</td>\n","      <td>4.28</td>\n","      <td>2.26</td>\n","      <td>20.0</td>\n","      <td>120</td>\n","      <td>1.59</td>\n","      <td>0.69</td>\n","      <td>0.43</td>\n","      <td>1.35</td>\n","      <td>10.20</td>\n","      <td>0.59</td>\n","      <td>1.56</td>\n","      <td>835</td>\n","    </tr>\n","    <tr>\n","      <th>176</th>\n","      <td>13.17</td>\n","      <td>2.59</td>\n","      <td>2.37</td>\n","      <td>20.0</td>\n","      <td>120</td>\n","      <td>1.65</td>\n","      <td>0.68</td>\n","      <td>0.53</td>\n","      <td>1.46</td>\n","      <td>9.30</td>\n","      <td>0.60</td>\n","      <td>1.62</td>\n","      <td>840</td>\n","    </tr>\n","    <tr>\n","      <th>177</th>\n","      <td>14.13</td>\n","      <td>4.10</td>\n","      <td>2.74</td>\n","      <td>24.5</td>\n","      <td>96</td>\n","      <td>2.05</td>\n","      <td>0.76</td>\n","      <td>0.56</td>\n","      <td>1.35</td>\n","      <td>9.20</td>\n","      <td>0.61</td>\n","      <td>1.60</td>\n","      <td>560</td>\n","    </tr>\n","  </tbody>\n","</table>\n","<p>178 rows × 13 columns</p>\n","</div>"],"text/plain":["     Alcohol  Malic_Acid   Ash  Ash_Alcanity  Magnesium  Total_Phenols  \\\n","0      14.23        1.71  2.43          15.6        127           2.80   \n","1      13.20        1.78  2.14          11.2        100           2.65   \n","2      13.16        2.36  2.67          18.6        101           2.80   \n","3      14.37        1.95  2.50          16.8        113           3.85   \n","4      13.24        2.59  2.87          21.0        118           2.80   \n","..       ...         ...   ...           ...        ...            ...   \n","173    13.71        5.65  2.45          20.5         95           1.68   \n","174    13.40        3.91  2.48          23.0        102           1.80   \n","175    13.27        4.28  2.26          20.0        120           1.59   \n","176    13.17        2.59  2.37          20.0        120           1.65   \n","177    14.13        4.10  2.74          24.5         96           2.05   \n","\n","     Flavanoids  Nonflavanoid_Phenols  Proanthocyanins  Color_Intensity   Hue  \\\n","0          3.06                  0.28             2.29             5.64  1.04   \n","1          2.76                  0.26             1.28             4.38  1.05   \n","2          3.24                  0.30             2.81             5.68  1.03   \n","3          3.49                  0.24             2.18             7.80  0.86   \n","4          2.69                  0.39             1.82             4.32  1.04   \n","..          ...                   ...              ...              ...   ...   \n","173        0.61                  0.52             1.06             7.70  0.64   \n","174        0.75                  0.43             1.41             7.30  0.70   \n","175        0.69                  0.43             1.35            10.20  0.59   \n","176        0.68                  0.53             1.46             9.30  0.60   \n","177        0.76                  0.56             1.35             9.20  0.61   \n","\n","     OD280  Proline  \n","0     3.92     1065  \n","1     3.40     1050  \n","2     3.17     1185  \n","3     3.45     1480  \n","4     2.93      735  \n","..     ...      ...  \n","173   1.74      740  \n","174   1.56      750  \n","175   1.56      835  \n","176   1.62      840  \n","177   1.60      560  \n","\n","[178 rows x 13 columns]"]},"execution_count":4,"metadata":{},"output_type":"execute_result"}],"source":["data"]},{"cell_type":"code","execution_count":5,"id":"35861122","metadata":{"execution":{"iopub.execute_input":"2025-08-28T11:55:10.27683Z","iopub.status.busy":"2025-08-28T11:55:10.276572Z","iopub.status.idle":"2025-08-28T11:55:10.283262Z","shell.execute_reply":"2025-08-28T11:55:10.282436Z"},"papermill":{"duration":0.013711,"end_time":"2025-08-28T11:55:10.284518","exception":false,"start_time":"2025-08-28T11:55:10.270807","status":"completed"},"tags":[]},"outputs":[{"data":{"text/plain":["Alcohol                  13.000618\n","Malic_Acid                2.336348\n","Ash                       2.366517\n","Ash_Alcanity             19.494944\n","Magnesium                99.741573\n","Total_Phenols             2.295112\n","Flavanoids                2.029270\n","Nonflavanoid_Phenols      0.361854\n","Proanthocyanins           1.590899\n","Color_Intensity           5.058090\n","Hue                       0.957449\n","OD280                     2.611685\n","Proline                 746.893258\n","dtype: float64"]},"execution_count":5,"metadata":{},"output_type":"execute_result"}],"source":["def calc_mean(data):\n","    mean = np.mean(data, axis=0)  \n","    return mean\n","Mean = calc_mean(data)\n","Mean "]},{"cell_type":"code","execution_count":6,"id":"8a6b576c","metadata":{"execution":{"iopub.execute_input":"2025-08-28T11:55:10.29606Z","iopub.status.busy":"2025-08-28T11:55:10.295797Z","iopub.status.idle":"2025-08-28T11:55:10.311617Z","shell.execute_reply":"2025-08-28T11:55:10.310315Z"},"papermill":{"duration":0.022978,"end_time":"2025-08-28T11:55:10.312878","exception":false,"start_time":"2025-08-28T11:55:10.2899","status":"completed"},"tags":[]},"outputs":[{"name":"stdout","output_type":"stream","text":["Shifted Feature Vectors (F - m):\n","       Alcohol  Malic_Acid       Ash  Ash_Alcanity  Magnesium  Total_Phenols  \\\n","0    1.229382   -0.626348  0.063483     -3.894944  27.258427       0.504888   \n","1    0.199382   -0.556348 -0.226517     -8.294944   0.258427       0.354888   \n","2    0.159382    0.023652  0.303483     -0.894944   1.258427       0.504888   \n","3    1.369382   -0.386348  0.133483     -2.694944  13.258427       1.554888   \n","4    0.239382    0.253652  0.503483      1.505056  18.258427       0.504888   \n","..        ...         ...       ...           ...        ...            ...   \n","173  0.709382    3.313652  0.083483      1.005056  -4.741573      -0.615112   \n","174  0.399382    1.573652  0.113483      3.505056   2.258427      -0.495112   \n","175  0.269382    1.943652 -0.106517      0.505056  20.258427      -0.705112   \n","176  0.169382    0.253652  0.003483      0.505056  20.258427      -0.645112   \n","177  1.129382    1.763652  0.373483      5.005056  -3.741573      -0.245112   \n","\n","     Flavanoids  Nonflavanoid_Phenols  Proanthocyanins  Color_Intensity  \\\n","0       1.03073             -0.081854         0.699101          0.58191   \n","1       0.73073             -0.101854        -0.310899         -0.67809   \n","2       1.21073             -0.061854         1.219101          0.62191   \n","3       1.46073             -0.121854         0.589101          2.74191   \n","4       0.66073              0.028146         0.229101         -0.73809   \n","..          ...                   ...              ...              ...   \n","173    -1.41927              0.158146        -0.530899          2.64191   \n","174    -1.27927              0.068146        -0.180899          2.24191   \n","175    -1.33927              0.068146        -0.240899          5.14191   \n","176    -1.34927              0.168146        -0.130899          4.24191   \n","177    -1.26927              0.198146        -0.240899          4.14191   \n","\n","          Hue     OD280     Proline  \n","0    0.082551  1.308315  318.106742  \n","1    0.092551  0.788315  303.106742  \n","2    0.072551  0.558315  438.106742  \n","3   -0.097449  0.838315  733.106742  \n","4    0.082551  0.318315  -11.893258  \n","..        ...       ...         ...  \n","173 -0.317449 -0.871685   -6.893258  \n","174 -0.257449 -1.051685    3.106742  \n","175 -0.367449 -1.051685   88.106742  \n","176 -0.357449 -0.991685   93.106742  \n","177 -0.347449 -1.011685 -186.893258  \n","\n","[178 rows x 13 columns]\n"]}],"source":["def calc_covariance_matrix(data, mean):\n","   \n","    shifted_data = data - mean  \n","    print(\"Shifted Feature Vectors (F - m):\\n\", shifted_data)\n","    \n","    covariance_matrix = np.cov(shifted_data.T)  \n","    return covariance_matrix, shifted_data\n","cov_matrix, shifted_data = calc_covariance_matrix(data, Mean)\n"]},{"cell_type":"code","execution_count":7,"id":"545b89b1","metadata":{"execution":{"iopub.execute_input":"2025-08-28T11:55:10.32487Z","iopub.status.busy":"2025-08-28T11:55:10.324653Z","iopub.status.idle":"2025-08-28T11:55:10.331432Z","shell.execute_reply":"2025-08-28T11:55:10.330375Z"},"papermill":{"duration":0.014082,"end_time":"2025-08-28T11:55:10.332696","exception":false,"start_time":"2025-08-28T11:55:10.318614","status":"completed"},"tags":[]},"outputs":[{"name":"stdout","output_type":"stream","text":["Covariance Matrix:\n"," [[ 6.59062328e-01  8.56113090e-02  4.71151590e-02 -8.41092903e-01\n","   3.13987812e+00  1.46887218e-01  1.92033222e-01 -1.57542595e-02\n","   6.35175205e-02  1.02828254e+00 -1.33134432e-02  4.16978226e-02\n","   1.64567185e+02]\n"," [ 8.56113090e-02  1.24801540e+00  5.02770393e-02  1.07633171e+00\n","  -8.70779534e-01 -2.34337723e-01 -4.58630366e-01  4.07333619e-02\n","  -1.41146982e-01  6.44838183e-01 -1.43325638e-01 -2.92447483e-01\n","  -6.75488666e+01]\n"," [ 4.71151590e-02  5.02770393e-02  7.52646353e-02  4.06208278e-01\n","   1.12293658e+00  2.21455913e-02  3.15347299e-02  6.35847140e-03\n","   1.51557799e-03  1.64654327e-01 -4.68215451e-03  7.61835841e-04\n","   1.93197391e+01]\n"," [-8.41092903e-01  1.07633171e+00  4.06208278e-01  1.11526862e+01\n","  -3.97476036e+00 -6.71149146e-01 -1.17208281e+00  1.50421856e-01\n","  -3.77176220e-01  1.45024186e-01 -2.09118054e-01 -6.56234368e-01\n","  -4.63355345e+02]\n"," [ 3.13987812e+00 -8.70779534e-01  1.12293658e+00 -3.97476036e+00\n","   2.03989335e+02  1.91646988e+00  2.79308703e+00 -4.55563385e-01\n","   1.93283248e+00  6.62052061e+00  1.80851266e-01  6.69308068e-01\n","   1.76915870e+03]\n"," [ 1.46887218e-01 -2.34337723e-01  2.21455913e-02 -6.71149146e-01\n","   1.91646988e+00  3.91689535e-01  5.40470422e-01 -3.50451247e-02\n","   2.19373345e-01 -7.99975192e-02  6.20388758e-02  3.11021278e-01\n","   9.81710573e+01]\n"," [ 1.92033222e-01 -4.58630366e-01  3.15347299e-02 -1.17208281e+00\n","   2.79308703e+00  5.40470422e-01  9.97718673e-01 -6.68669999e-02\n","   3.73147553e-01 -3.99168626e-01  1.24081969e-01  5.58262255e-01\n","   1.55447492e+02]\n"," [-1.57542595e-02  4.07333619e-02  6.35847140e-03  1.50421856e-01\n","  -4.55563385e-01 -3.50451247e-02 -6.68669999e-02  1.54886339e-02\n","  -2.60598680e-02  4.01205097e-02 -7.47117692e-03 -4.44692440e-02\n","  -1.22035863e+01]\n"," [ 6.35175205e-02 -1.41146982e-01  1.51557799e-03 -3.77176220e-01\n","   1.93283248e+00  2.19373345e-01  3.73147553e-01 -2.60598680e-02\n","   3.27594668e-01 -3.35039177e-02  3.86645655e-02  2.10932940e-01\n","   5.95543338e+01]\n"," [ 1.02828254e+00  6.44838183e-01  1.64654327e-01  1.45024186e-01\n","   6.62052061e+00 -7.99975192e-02 -3.99168626e-01  4.01205097e-02\n","  -3.35039177e-02  5.37444938e+00 -2.76505801e-01 -7.05812576e-01\n","   2.30767480e+02]\n"," [-1.33134432e-02 -1.43325638e-01 -4.68215451e-03 -2.09118054e-01\n","   1.80851266e-01  6.20388758e-02  1.24081969e-01 -7.47117692e-03\n","   3.86645655e-02 -2.76505801e-01  5.22449607e-02  9.17662439e-02\n","   1.70002234e+01]\n"," [ 4.16978226e-02 -2.92447483e-01  7.61835841e-04 -6.56234368e-01\n","   6.69308068e-01  3.11021278e-01  5.58262255e-01 -4.44692440e-02\n","   2.10932940e-01 -7.05812576e-01  9.17662439e-02  5.04086409e-01\n","   6.99275256e+01]\n"," [ 1.64567185e+02 -6.75488666e+01  1.93197391e+01 -4.63355345e+02\n","   1.76915870e+03  9.81710573e+01  1.55447492e+02 -1.22035863e+01\n","   5.95543338e+01  2.30767480e+02  1.70002234e+01  6.99275256e+01\n","   9.91667174e+04]]\n"]}],"source":["print(\"Covariance Matrix:\\n\", cov_matrix)"]},{"cell_type":"code","execution_count":8,"id":"d6137def","metadata":{"execution":{"iopub.execute_input":"2025-08-28T11:55:10.345272Z","iopub.status.busy":"2025-08-28T11:55:10.345035Z","iopub.status.idle":"2025-08-28T11:55:10.36953Z","shell.execute_reply":"2025-08-28T11:55:10.368713Z"},"papermill":{"duration":0.031802,"end_time":"2025-08-28T11:55:10.370726","exception":false,"start_time":"2025-08-28T11:55:10.338924","status":"completed"},"tags":[]},"outputs":[{"name":"stdout","output_type":"stream","text":["(13,)\n","[9.92017895e+04 1.72535266e+02 9.43811370e+00 4.99117861e+00\n"," 1.22884523e+00 8.41063869e-01 2.78973523e-01 1.51381266e-01\n"," 1.12096765e-01 7.17026032e-02 3.75759789e-02 2.10723661e-02\n"," 8.20370314e-03]\n"]}],"source":["def calculate_eign_value(cov_matrix):\n","    \n","    coeffs = np.poly(cov_matrix)\n","    \n","    eign_values = np.roots(coeffs)\n","    return eign_values\n","\n","eign_values = calculate_eign_value(cov_matrix)\n","print(eign_values.shape)\n","print(eign_values)"]},{"cell_type":"code","execution_count":9,"id":"e9763201","metadata":{"execution":{"iopub.execute_input":"2025-08-28T11:55:10.382908Z","iopub.status.busy":"2025-08-28T11:55:10.382659Z","iopub.status.idle":"2025-08-28T11:55:10.391661Z","shell.execute_reply":"2025-08-28T11:55:10.3909Z"},"papermill":{"duration":0.01649,"end_time":"2025-08-28T11:55:10.392866","exception":false,"start_time":"2025-08-28T11:55:10.376376","status":"completed"},"tags":[]},"outputs":[{"data":{"text/plain":["array([[-1.65926472e-03,  1.20340617e-03,  1.68738094e-02,\n","         1.41446778e-01, -2.03369773e-02, -1.94120104e-01,\n","        -9.23280337e-01,  2.84820658e-01, -8.66006124e-02,\n","        -2.24499994e-03,  1.49715080e-02, -1.56514071e-02,\n","        -8.02924535e-03],\n","       [ 6.81015556e-04,  2.15498184e-03,  1.22003373e-01,\n","         1.60389543e-01,  6.12883454e-01, -7.42472963e-01,\n","         1.50109941e-01, -6.46744678e-02, -1.56621385e-02,\n","        -1.85093501e-02,  2.31876506e-02,  6.72955455e-02,\n","         1.10903923e-02],\n","       [-1.94905742e-04,  4.59369254e-03,  5.19874304e-02,\n","        -9.77280992e-03, -2.01755752e-02, -4.17529118e-02,\n","        -4.50095493e-02, -1.49339532e-01, -7.36498524e-02,\n","        -8.67996529e-02, -9.54010643e-01, -1.32063034e-01,\n","         1.73685673e-01],\n","       [ 4.67130058e-03,  2.64503930e-02,  9.38593003e-01,\n","        -3.30965260e-01, -6.43523403e-02,  2.40653026e-02,\n","        -3.15265835e-02,  1.51539118e-02, -2.04457785e-03,\n","         3.55402799e-03,  5.28216953e-02,  5.39380582e-03,\n","        -1.93956297e-03],\n","       [-1.78680075e-02,  9.99344186e-01, -2.97802484e-02,\n","        -5.39375605e-03,  6.14934472e-03,  1.92378154e-03,\n","        -1.79736268e-03, -3.55221241e-03,  1.96366816e-03,\n","        -4.05154189e-05,  3.02488821e-03,  6.20888455e-04,\n","        -2.28453582e-03],\n","       [-9.89829680e-04,  8.77962152e-04, -4.04846439e-02,\n","        -7.45846556e-02, -3.15245063e-01, -2.78716809e-01,\n","         2.01857100e-02, -1.77237945e-01, -2.55672918e-01,\n","         8.47195073e-01, -8.80160701e-03,  3.88290281e-03,\n","         2.66914407e-02],\n","       [-1.56728830e-03, -5.18507284e-05, -8.54433387e-02,\n","        -1.69086724e-01, -5.24761088e-01, -4.33597955e-01,\n","         3.88685182e-02, -2.48116635e-01, -3.78306653e-01,\n","        -5.20138389e-01,  1.33204612e-01, -3.74880307e-02,\n","        -6.95985330e-02],\n","       [ 1.23086662e-04, -1.35447892e-03,  1.35107797e-02,\n","         1.08055610e-02,  2.96475124e-02,  2.19528343e-02,\n","         4.66548296e-03,  6.49796752e-03, -3.67520428e-02,\n","         3.77131942e-02, -1.99178984e-01,  1.47552442e-01,\n","        -9.66466227e-01],\n","       [-6.00607792e-04,  5.00440040e-03, -2.46593824e-02,\n","        -5.01209524e-02, -2.51182529e-01, -2.41884488e-01,\n","         3.09799487e-01,  8.70433157e-01,  5.15201690e-02,\n","         9.72275203e-03, -1.35621460e-01, -1.31188252e-02,\n","         1.76035672e-02],\n","       [-2.32714319e-03,  1.51003530e-02,  2.91398464e-01,\n","         8.78893693e-01, -3.31747051e-01, -2.73960896e-03,\n","         1.12836514e-01, -8.12869205e-02,  9.90290846e-02,\n","        -2.31471169e-02,  9.81967171e-03,  5.03555691e-02,\n","         4.63294250e-03],\n","       [-1.71380037e-04, -7.62673115e-04, -2.59776624e-02,\n","        -6.00349446e-02, -5.15240771e-02,  2.37761666e-02,\n","        -3.08198127e-02, -2.95190435e-03, -3.30651238e-02,\n","        -3.84698250e-02, -9.75106606e-02,  9.75561893e-01,\n","         1.66550828e-01],\n","       [-7.04931645e-04, -3.49536431e-03, -7.03239693e-02,\n","        -1.78200254e-01, -2.60639176e-01, -2.88912753e-01,\n","        -1.01973518e-01, -1.86714531e-01,  8.73746543e-01,\n","         1.70170830e-02, -2.84851062e-02,  1.16302516e-02,\n","        -4.41922433e-02],\n","       [-9.99822937e-01, -1.77738095e-02,  4.52868159e-03,\n","        -3.11291570e-03,  2.29856939e-03,  1.21225507e-03,\n","         1.07618923e-03,  1.03409482e-05,  7.25585209e-05,\n","         4.92663809e-05,  2.40452216e-04, -9.99995129e-05,\n","        -3.62670135e-05]])"]},"execution_count":9,"metadata":{},"output_type":"execute_result"}],"source":["def calculate_eign_vectors(cov_matrix, eign_values):\n","    n = cov_matrix.shape[0]\n","    eig_vectors = []\n","    for eig_val in eign_values:\n","        eig_vec_matrix = eig_val * np.eye(n) - cov_matrix\n","        # use SVD (singular value decomposition) to solve the equation of eig_vec_matrix to get eign vector\n","        _, _, vh = np.linalg.svd(eig_vec_matrix)\n","        eig_vector = vh[-1] # last row in vh is the eign vector we seek\n","        eig_vector = eig_vector / np.linalg.norm(eig_vector)\n","        eig_vectors.append(eig_vector)\n","    eign_vectors = np.array(eig_vectors).T\n","    return eign_vectors\n","eign_vectors = calculate_eign_vectors(cov_matrix, eign_values)\n","\n","eign_vectors"]},{"cell_type":"code","execution_count":10,"id":"d8b3beb9","metadata":{"execution":{"iopub.execute_input":"2025-08-28T11:55:10.405149Z","iopub.status.busy":"2025-08-28T11:55:10.404883Z","iopub.status.idle":"2025-08-28T11:55:10.409966Z","shell.execute_reply":"2025-08-28T11:55:10.408941Z"},"papermill":{"duration":0.012684,"end_time":"2025-08-28T11:55:10.411351","exception":false,"start_time":"2025-08-28T11:55:10.398667","status":"completed"},"tags":[]},"outputs":[{"name":"stdout","output_type":"stream","text":["Explained Variance: [9.98091230e-01 1.73591562e-03 9.49589576e-05 5.02173562e-05\n"," 1.23636847e-05 8.46213034e-06 2.80681456e-06 1.52308053e-06\n"," 1.12783044e-06 7.21415811e-07 3.78060267e-07 2.12013755e-07\n"," 8.25392788e-08]\n"]}],"source":["def calculate_explained_variance(eigenvalues):\n","    total_variance = np.sum(eigenvalues)\n","    explained_variance = eigenvalues / total_variance\n","    return explained_variance\n","\n","explained_variance = calculate_explained_variance(eign_values)\n","print(\"Explained Variance:\", explained_variance)"]},{"cell_type":"code","execution_count":11,"id":"a4b844a6","metadata":{"execution":{"iopub.execute_input":"2025-08-28T11:55:10.42386Z","iopub.status.busy":"2025-08-28T11:55:10.423632Z","iopub.status.idle":"2025-08-28T11:55:10.428877Z","shell.execute_reply":"2025-08-28T11:55:10.428137Z"},"papermill":{"duration":0.012681,"end_time":"2025-08-28T11:55:10.430099","exception":false,"start_time":"2025-08-28T11:55:10.417418","status":"completed"},"tags":[]},"outputs":[{"name":"stdout","output_type":"stream","text":["Q Matrix:\n"," [[-1.65926472e-03  1.20340617e-03  1.68738094e-02  1.41446778e-01\n","  -2.03369773e-02]\n"," [ 6.81015556e-04  2.15498184e-03  1.22003373e-01  1.60389543e-01\n","   6.12883454e-01]\n"," [-1.94905742e-04  4.59369254e-03  5.19874304e-02 -9.77280992e-03\n","  -2.01755752e-02]\n"," [ 4.67130058e-03  2.64503930e-02  9.38593003e-01 -3.30965260e-01\n","  -6.43523403e-02]\n"," [-1.78680075e-02  9.99344186e-01 -2.97802484e-02 -5.39375605e-03\n","   6.14934472e-03]\n"," [-9.89829680e-04  8.77962152e-04 -4.04846439e-02 -7.45846556e-02\n","  -3.15245063e-01]\n"," [-1.56728830e-03 -5.18507284e-05 -8.54433387e-02 -1.69086724e-01\n","  -5.24761088e-01]\n"," [ 1.23086662e-04 -1.35447892e-03  1.35107797e-02  1.08055610e-02\n","   2.96475124e-02]\n"," [-6.00607792e-04  5.00440040e-03 -2.46593824e-02 -5.01209524e-02\n","  -2.51182529e-01]\n"," [-2.32714319e-03  1.51003530e-02  2.91398464e-01  8.78893693e-01\n","  -3.31747051e-01]\n"," [-1.71380037e-04 -7.62673115e-04 -2.59776624e-02 -6.00349446e-02\n","  -5.15240771e-02]\n"," [-7.04931645e-04 -3.49536431e-03 -7.03239693e-02 -1.78200254e-01\n","  -2.60639176e-01]\n"," [-9.99822937e-01 -1.77738095e-02  4.52868159e-03 -3.11291570e-03\n","   2.29856939e-03]]\n"]}],"source":["def construct_q_matrix(eigenvalues, eigenvectors, n_components):\n","    \n","    idx = np.argsort(eigenvalues)[::-1]\n","    \n"," \n","    eigenvectors_sorted = eigenvectors[:, idx]\n","    \n","  \n","    eigenvectors_normalized = eigenvectors_sorted / np.linalg.norm(eigenvectors_sorted, axis=0)\n","    \n","    \n","    q_matrix = eigenvectors_normalized[:, :n_components]\n","    return q_matrix\n","\n","n_components = 5# Example: reduce to 2 components\n","q_matrix = construct_q_matrix(eign_values, eign_vectors, n_components)\n","print(\"Q Matrix:\\n\", q_matrix)"]},{"cell_type":"code","execution_count":null,"id":"79d89735","metadata":{"papermill":{"duration":0.005606,"end_time":"2025-08-28T11:55:10.441584","exception":false,"start_time":"2025-08-28T11:55:10.435978","status":"completed"},"tags":[]},"outputs":[],"source":[]},{"cell_type":"code","execution_count":12,"id":"27a6437b","metadata":{"execution":{"iopub.execute_input":"2025-08-28T11:55:10.45385Z","iopub.status.busy":"2025-08-28T11:55:10.453625Z","iopub.status.idle":"2025-08-28T11:55:10.465514Z","shell.execute_reply":"2025-08-28T11:55:10.46437Z"},"papermill":{"duration":0.020258,"end_time":"2025-08-28T11:55:10.467633","exception":false,"start_time":"2025-08-28T11:55:10.447375","status":"completed"},"tags":[]},"outputs":[{"name":"stdout","output_type":"stream","text":["Transformed Data :\n"," [[-3.18562979e+02  2.14921307e+01 -3.13073470e+00  2.50113758e-01\n","  -6.77078222e-01]\n"," [-3.03097420e+02 -5.36471768e+00 -6.82283550e+00  8.64034749e-01\n","   4.86095978e-01]\n"," [-4.38061133e+02 -6.53730945e+00  1.11322298e+00 -9.12410681e-01\n","  -3.80651426e-01]\n"," [-7.33240139e+02  1.92729032e-01  9.17257016e-01  5.41250645e-01\n","  -8.58662289e-01]\n"," [ 1.15714285e+01  1.84899946e+01  5.54422076e-01 -1.36089609e+00\n","  -2.76441556e-01]\n"," [-7.03231192e+02 -3.32158674e-01 -9.49375334e-01  3.59993827e-01\n","  -1.56827100e-01]\n"," [-5.42971581e+02 -1.35189666e+01 -2.12694283e+00 -5.55661430e-02\n","   4.83659661e-01]\n"," [-5.48401860e+02  1.14494324e+01 -4.04924202e-02 -1.34945380e+00\n","   8.52590856e-01]\n"," [-2.98036863e+02 -8.18015784e+00 -3.88097517e+00  9.10643037e-01\n","  -3.11488981e-01]\n"," [-2.98049553e+02 -7.10154294e+00 -1.55845533e+00  1.67704202e+00\n","  -1.55841608e+00]\n"," [-7.63079712e+02 -8.33431723e+00  1.88629037e+00 -1.59831835e+00\n","   2.77175370e-01]\n"," [-5.32943228e+02 -1.42876338e+01 -1.30335240e-01 -8.82224791e-01\n","   5.98933614e-01]\n"," [-5.72834410e+02 -2.10050143e+01 -3.72614859e-01 -3.05780599e-01\n","   2.86859487e-01]\n"," [-4.02925358e+02 -1.61026352e+01 -5.67513986e+00  1.48207065e+00\n","  -6.02687878e-01]\n"," [-8.00053394e+02 -1.21184472e+01 -3.04652991e+00  1.74362051e+00\n","  -4.10698493e-01]\n"," [-5.63245578e+02  2.21482866e+00  5.25510985e-01  6.60677249e-01\n","  -2.61064291e-01]\n"," [-5.33379651e+02  1.08048022e+01  2.47652734e+00 -1.07715922e+00\n","  -2.04082913e-01]\n"," [-3.83317591e+02  8.47741982e+00  1.98974501e+00 -3.84544349e-01\n","  -1.01634113e+00]\n"," [-9.33118387e+02 -8.35447844e+00  1.93291276e+00  8.26504769e-01\n","  -7.55156767e-01]\n"," [-9.84031775e+01  1.43926594e+01 -4.10374616e+00  9.37801032e-01\n","   1.68093029e-01]\n"," [-3.35935940e+01  2.55679565e+01 -4.03358615e+00  9.93674721e-01\n","  -1.43200123e+00]\n"," [-2.31464375e+01  1.81747309e+00 -8.87160841e-01 -3.16295319e-01\n","   6.24959023e-01]\n"," [-2.88093030e+02 -3.96304175e+00 -2.05371381e+00 -1.45708782e+00\n","   2.43727850e-02]\n"," [-2.67981513e+02 -9.57070401e+00 -7.58411832e-01 -1.63579347e+00\n","   1.39619911e-01]\n"," [-9.80198858e+01 -5.49584606e+00  3.87297661e-01 -2.16549611e+00\n","  -3.79291345e-01]\n"," [-8.34987440e+01  2.28916215e+01  4.27883653e+00 -3.82342832e+00\n","  -4.06169355e-01]\n"," [-4.47925596e+02 -1.47973313e+01 -1.21983445e+00 -7.94724186e-01\n","   1.57783705e-01]\n"," [-5.37919165e+02 -1.53883461e+01 -1.64692329e-01 -1.90244700e+00\n","   1.24635186e+00]\n"," [-1.68210468e+02  4.25531096e+00  1.03384408e-01 -1.34711983e+00\n","  -6.34444503e-01]\n"," [-2.88008247e+02 -8.95973155e+00 -2.16149821e+00 -2.71455526e-01\n","  -6.65938939e-02]\n"," [-5.38026452e+02 -8.21273882e+00  5.16839628e+00 -2.47728974e+00\n","  -7.96615113e-01]\n"," [-7.68092939e+02 -7.37989737e+00  3.22996241e+00 -1.01541462e+00\n","  -1.66127456e-01]\n"," [-2.43150751e+02 -1.43914928e-01 -1.68080273e+00 -1.27761976e+00\n","   2.51784084e-01]\n"," [-4.88601280e+02  2.35653250e+01  1.17162642e+00 -1.66199059e+00\n","   5.91012197e-02]\n"," [-3.48231007e+02  4.03808015e+00  4.47674995e-01 -1.88763930e+00\n","   4.90868022e-01]\n"," [-1.73079957e+02 -2.79292165e+00  1.50979198e+00 -1.21655368e+00\n","  -9.37433000e-01]\n"," [-1.33286424e+02  7.77272958e+00 -3.71926608e+00  2.13712789e-01\n","  -9.48646643e-02]\n"," [-3.58018559e+02 -8.15798412e+00 -7.32006055e-02 -1.48986642e+00\n","   5.46136093e-01]\n"," [-2.73044432e+02 -6.72507431e+00 -3.03479237e+00 -9.62135406e-01\n","   4.83681405e-01]\n"," [-1.36430021e+01  2.78468321e+01 -6.64055073e+00  1.95399429e+00\n","   4.64760713e-01]\n"," [-4.84296422e+01  1.63219498e+01 -3.36121013e+00  1.31779970e+00\n","  -1.64073479e+00]\n"," [-2.87884092e+02 -1.48851185e+01  8.06936528e-01 -1.18004484e+00\n","   1.35945248e+00]\n"," [-3.48095348e+02 -5.04342609e+00 -2.83896837e+00  2.72809496e-01\n","  -7.02747347e-01]\n"," [ 6.68146554e+01  4.38482992e+00 -2.36654298e+00  3.43439852e-01\n","   6.93599410e-01]\n"," [-1.38227010e+02  4.73068836e+00 -2.19316584e+00 -1.06993218e-01\n","  -8.46871778e-01]\n"," [-3.33254806e+02  5.31933116e+00  7.83758129e-01 -5.49959429e-01\n","   1.23131911e+00]\n"," [-3.18111848e+02 -3.48694494e+00 -1.99385738e+00 -3.53169719e-02\n","   4.91481309e-01]\n"," [-2.38111485e+02 -3.05152100e+00 -2.22732714e+00  9.04360544e-01\n","  -1.27627957e+00]\n"," [-3.13119915e+02 -2.30536316e+00  8.55903527e-01  8.98619372e-02\n","  -6.63407842e-01]\n"," [-5.13187748e+02 -8.63759235e-01  9.63892767e-01  2.04393504e+00\n","  -1.53520935e+00]\n"," [-4.02939017e+02 -1.50533028e+01 -4.25268054e+00  2.55794679e+00\n","  -9.49251999e-01]\n"," [-5.17928963e+02 -1.49975549e+01  2.95433477e-01 -7.03743541e-01\n","  -2.63717718e-01]\n"," [-4.43266411e+02  3.26050204e+00 -3.22533487e+00  1.60996988e+00\n","  -1.23694297e+00]\n"," [-6.28286071e+02  4.04114538e+00  3.57931528e-01 -3.70063814e-01\n","   2.55478227e-01]\n"," [-3.13397613e+02  1.26089135e+01 -2.00469936e+00  3.70356042e-01\n","  -3.68911688e-01]\n"," [-3.73333291e+02  9.66419863e+00  2.29204575e+00 -8.50497384e-01\n","  -8.21720489e-01]\n"," [-2.23417106e+02  1.42168924e+01 -2.38786504e+00  1.11917463e+00\n","  -1.11038406e+00]\n"," [-5.23072851e+02 -7.09662526e+00 -1.29288369e-01 -2.48754617e-01\n","  -9.60136903e-02]\n"," [-5.38182097e+02 -1.35678013e+00 -2.30978511e-01  2.65257091e-01\n","  -1.07421666e+00]\n"," [ 2.27032690e+02 -7.99496797e+00 -9.94713134e+00  1.14211555e+00\n","   1.54547414e+00]\n"," [ 6.68501220e+01  2.31986654e+00 -4.12689933e+00 -1.16268868e-01\n","   1.03482788e+00]\n"," [ 2.96824437e+02  5.46847570e+00 -3.66175522e+00  2.57505965e+00\n","  -3.95332743e-01]\n"," [ 1.16970473e+02 -3.72638342e+00 -2.21999884e+00 -1.82924197e-01\n","  -3.32710663e-02]\n"," [ 3.27059126e+02 -6.94813081e+00 -2.08570803e+00  8.64605116e-02\n","  -2.41628325e+00]\n"," [ 3.91752486e+02  1.11716783e+01 -3.02474464e+00 -6.08315458e-01\n","  -1.81173453e-01]\n"," [ 6.89057604e+01 -5.58620537e-01 -1.89506922e+00 -8.59429806e-02\n","  -1.02718863e+00]\n"," [ 2.45212524e+02 -1.74936393e+01 -4.99323593e+00  1.99681057e+00\n","  -2.44164361e+00]\n"," [ 2.37241410e+02 -1.75310256e+01 -6.56014227e-01  9.66035951e-02\n","  -1.27786821e+00]\n"," [-3.29615599e+00  1.00958116e+01 -3.21779225e+00 -7.90352836e-01\n","   7.77361724e-01]\n"," [ 2.79661207e+01  5.16301252e+01 -4.99946128e+00 -1.51405246e+00\n","   6.43190713e-01]\n"," [-1.23130138e+02  1.05983451e+00  8.11022883e-01 -2.27011220e+00\n","   1.63187962e+00]\n"," [ 3.37104122e+02 -7.62385512e+00  3.33557626e+00 -2.51476928e+00\n","  -2.06713725e+00]\n"," [ 2.75096026e+02 -7.75315213e+00  2.93117724e+00 -1.70431803e+00\n","  -6.61457765e-01]\n"," [-2.38716757e+02  3.52518274e+01  9.00507574e+00 -6.46174472e+00\n","  -8.48913208e-01]\n"," [-1.39094057e+02 -1.20747620e+00  1.19825468e+00 -3.10807878e+00\n","  -4.56233477e-01]\n"," [ 3.18876329e+02  2.81077113e+00 -5.00732155e+00  1.01830637e+00\n","   3.24982877e-01]\n"," [ 3.55060253e+02 -7.53070183e+00 -4.80195138e+00  1.75352681e+00\n","  -1.23101774e+00]\n"," [ 2.46633597e+02  1.65584367e+01 -3.44015940e+00 -7.81406485e-01\n","   1.50890839e+00]\n"," [-3.77168966e+00  3.60310924e+01 -6.13187473e+00 -3.66727289e-01\n","   2.77159840e-01]\n"," [ 2.83842248e+02  6.36186080e+00  1.30886277e+00 -2.51826726e+00\n","   2.23301604e-01]\n"," [ 4.69059350e+02 -5.45892398e+00 -3.20131486e+00 -1.07273741e+00\n","  -1.39823358e+00]\n"," [ 3.31313392e+01 -1.31871050e+01 -8.94219904e-01 -9.27765080e-01\n","  -4.73641218e-01]\n"," [ 1.17290392e+02 -1.95786125e+01  3.39719663e+00 -3.77944343e+00\n","  -1.36177423e-01]\n"," [ 2.32132988e+02 -1.05301033e+01  2.43010911e+00  6.96756629e-02\n","   7.99121123e-01]\n"," [ 2.26953299e+02 -1.77605879e+00 -3.09059588e+00 -1.06753180e+00\n","  -1.03477097e+00]\n"," [ 2.96852152e+02  4.45280309e+00 -3.64545501e+00 -1.06890802e+00\n","  -6.53045341e-01]\n"," [ 2.52046392e+02 -5.21261759e+00  1.45231083e+00 -2.64590054e+00\n","   9.38006177e-03]\n"," [ 1.85108857e+02 -8.31858202e+00  4.81593129e+00 -3.99378098e+00\n","  -2.60649219e-01]\n"," [ 6.71807518e+01 -1.45246902e+01  1.47148703e+00 -2.55661956e+00\n","   5.32105912e-01]\n"," [ 1.22431326e+02 -2.75040387e+01  3.08038596e+00 -4.04680260e+00\n","  -6.97343266e-02]\n"," [ 2.67185333e+02 -1.40538901e+01 -2.34355042e+